Y3N2c2VydmVyIGdlbmVyYXRlZCBhdDogMTY1MzU0MjEyMA==
CSVSERVER_BORDER: Orange
0,  23034
1,  3133
2,  23618
3,  20156
4,  8345
5,  29904
6,  4326
7,  24814
8,  14815
9,  12295
10,  23363
11,  1851
12,  3054
13,  2360
14,  2984
15,  10098
16,  27240
17,  8251
18,  18044
19,  11402
20,  26480
21,  9308
22,  20726
23,  3445
24,  12053
25,  1433
26,  15305
27,  4696
28,  7436
29,  17707
30,  19899
31,  20232
32,  22752
33,  16415
34,  6612
35,  29801
36,  28761
37,  13247
38,  19882
39,  24523
40,  6103
41,  8174
42,  17744
43,  8326
44,  28387
45,  16234
46,  20725
47,  31405
48,  1291
49,  31381
50,  17720
51,  21025
52,  31729
53,  18065
54,  14949
55,  25733
56,  14862
57,  15783
58,  14013
59,  29691
60,  7743
61,  18215
62,  14931
63,  30184
64,  26313
65,  14171
66,  567
67,  22435
68,  14979
69,  28394
70,  31392
71,  5794
72,  23013
73,  15204
74,  14249
75,  2750
76,  20296
77,  16116
78,  23644
79,  18277
80,  3209
81,  32539
82,  5095
83,  32185
84,  24771
85,  4349
86,  21927
87,  964
88,  26502
89,  12381
90,  8128
91,  3626
92,  23478
93,  9889
94,  7565
95,  24220
96,  9800
97,  5327
98,  31217
99,  11226
100,  21094
